A = [5 ,7 ,3 ; 1 ,5 ,5 ; 5 ,3 ,1];
A()

help
